8
8
10
9
8
8
9
9
10
8
10
10
10
10
10
10
9
8
8
10
10
10
10
10
10
8
10
10
8
9
10
9
10
10
8
8
10
8
9
10
10
2
8
10
2
4
8
9
8
10
8
10
9
9
8
10
4
8
10
4
4
9
4
5
10
10
9
10
4
10
8
8
10
10
2
1
10
9
10
10
8
10
10
10
9
10
10
10
5
10
8
9
8
8
3
8
5
2
9
6
4
10
8
10
9
9
5
4
9
6
9
5
5
8
4
4
10
10
4
9
4
9
7
1
4
6
6
6
5
4
8
8
6
9
5
2
4
4
3
2
4
6
4
8
3
4
8
4
6
4
4
4
2
8
5
2
8
4
6
9
6
1
2
4
1
8
4
6
8
4
9
2
4
6
4
1
3
5
1
5
9
3
6
10
6
5
6
9
8
1
6
2
9
4
9
5
1
3
1
3
4
8
5
1
6
4
1
3
8
4
9
5
6
2
8
9
3
5
4
4
3
3
6
4
5
6
6
6
8
6
6
2
4
9
3
6
5
8
6
8
2
4
3
9
2
9
6
2
3
3
2
2
5
8
2
6
7
6
2
3
9
5
4
9
9
4
6
5
1
6
3
9
8
4
3
6
5
6
3
2
6
1
2
2
2
6
4
7
2
5
6
6
5
9
6
6
1
3
1
2
5
3
6
6
2
1
9
8
2
8
6
10
7
8
4
4
9
4
1
4
5
6
4
3
3
5
3
2
2
3
1
3
3
3
5
1
1
10
3
2
9
3
5
1
1
6
1
1
4
3
6
2
1
3
9
1
5
8
2
8
3
9
1
2
5
2
5
5
5
4
2
2
3
1
3
3
1
2
9
7
2
5
7
1
5
6
6
3
3
1
1
2
5
3
1
3
3
1
1
5
2
2
3
2
1
5
2
3
3
8
1
3
1
9
1
5
4
7
6
3
7
5
3
1
2
5
7
5
1
9
2
1
9
7
1
7
5
3
5
3
7
7
1
1
5
3
2
9
2
5
1
5
2
5
7
7
7
7
7
7
7
7
7
9
7
5
1
2
7
7
6
7
7
7
7
7
7
7
7
7
7
7
7
1
7
6
7
1
1
7
7
7
7
7
7
7
7
7
7
7
