time,AccX,AccY,AccZ,pressureTR, pressureBR, pressureTL, pressureBL,rawPressureTR,rawPressureBR,rawPressureTL,rawPressureBL
1:16:46.096944,0.365385,-0.296296,-0.923077,,,,,,,,
1:16:46.097204,0.326923,-0.277778,-0.942308,,,,,,,,
1:16:46.097361,0.365385,-0.240741,-0.923077,,,,,,,,
1:16:46.097499,0.365385,-0.296296,-0.923077,,,,,,,,
1:16:46.097577,0.326923,-0.277778,-0.942308,,,,,,,,
1:16:46.097718,0.346154,-0.296296,-0.923077,,,,,,,,
1:16:46.097903,0.326923,-0.277778,-0.942308,,,,,,,,
1:16:46.098046,0.326923,-0.240741,-0.942308,,,,,,,,
1:16:46.098122,0.365385,-0.277778,-0.923077,,,,,,,,
1:16:46.098266,0.326923,-0.277778,-0.942308,,,,,,,,
1:16:46.098394,0.365385,-0.296296,-0.923077,,,,,,,,
1:16:46.098518,0.326923,-0.240741,-0.942308,,,,,,,,
1:16:46.098641,0.365385,-0.259259,-0.923077,,,,,,,,
1:16:46.098778,0.346154,-0.296296,-0.942308,,,,,,,,
1:16:46.098900,0.307692,-0.277778,-0.942308,,,,,,,,
1:16:46.099023,0.307692,-0.259259,-0.942308,,,,,,,,
1:16:46.099094,0.326923,-0.277778,-0.942308,,,,,,,,
1:16:46.099213,0.307692,-0.277778,-0.980769,,,,,,,,
1:16:46.112593,0.365385,-0.296296,-0.942308,,,,,,,,
1:16:46.170999,0.307692,-0.277778,-0.942308,,,,,,,,
1:16:46.171260,0.365385,-0.296296,-0.923077,,,,,,,,
1:16:46.171414,0.326923,-0.277778,-0.942308,,,,,,,,
1:16:46.196188,0.365385,-0.296296,-0.923077,,,,,,,,
1:16:46.196612,0.326923,-0.277778,-0.942308,,,,,,,,
1:16:46.232830,0.346154,-0.296296,-0.923077,,,,,,,,
1:16:46.233228,0.326923,-0.277778,-0.942308,,,,,,,,
1:16:46.271093,0.346154,-0.296296,-0.961538,,,,,,,,
1:16:46.279548,0.365385,-0.240741,-0.923077,,,,,,,,
1:16:46.302109,0.346154,-0.277778,-0.923077,,,,,,,,
1:16:46.339179,0.307692,-0.277778,-0.942308,,,,,,,,
1:16:46.401669,0.365385,-0.296296,-0.923077,,,,,,,,
1:16:46.451343,0.326923,-0.277778,-0.942308,,,,,,,,
1:16:46.463428,0.365385,-0.296296,-0.923077,,,,,,,,
1:16:46.486379,0.307692,-0.277778,-0.942308,,,,,,,,
1:16:46.811820,0.346154,-0.296296,-0.923077,,,,,,,,
1:16:46.845312,0.307692,-0.277778,-0.942308,,,,,,,,
1:16:46.845751,0.365385,-0.240741,-0.923077,,,,,,,,
1:16:46.846001,0.326923,-0.240741,-0.942308,,,,,,,,
1:16:46.865144,0.365385,-0.259259,-0.923077,,,,,,,,
1:16:46.865582,0.365385,-0.277778,-0.923077,,,,,,,,
1:16:46.904338,0.307692,-0.277778,-0.942308,,,,,,,,
1:16:46.942968,0.346154,-0.296296,-0.923077,,,,,,,,
1:16:46.978773,0.326923,-0.277778,-0.942308,,,,,,,,
1:16:46.979208,0.346154,-0.277778,-0.923077,,,,,,,,
1:16:47.006833,0.326923,-0.277778,-0.942308,,,,,,,,
1:16:47.045929,0.365385,-0.259259,-0.923077,,,,,,,,
1:16:47.046375,0.365385,-0.296296,-0.923077,,,,,,,,
1:16:47.066237,0.307692,-0.277778,-0.942308,,,,,,,,
1:16:47.082413,0.365385,-0.296296,-0.923077,,,,,,,,
1:16:47.119266,0.307692,-0.277778,-0.942308,,,,,,,,
1:16:47.135439,0.346154,-0.296296,-0.923077,,,,,,,,
1:16:47.149816,0.326923,-0.240741,-0.942308,,,,,,,,
1:16:47.163249,0.326923,-0.277778,-0.942308,,,,,,,,
1:16:47.163422,0.365385,-0.277778,-0.923077,,,,,,,,
1:16:47.209066,0.307692,-0.277778,-0.942308,,,,,,,,
1:16:47.263968,0.346154,-0.296296,-0.923077,,,,,,,,
1:16:47.264343,0.346154,-0.259259,-0.923077,,,,,,,,
1:16:47.308060,0.346154,-0.277778,-0.923077,,,,,,,,
1:16:47.345747,0.307692,-0.240741,-0.942308,,,,,,,,
1:16:47.346181,0.346154,-0.296296,-0.923077,,,,,,,,
1:16:47.364821,0.326923,-0.277778,-0.942308,,,,,,,,
1:16:47.365195,0.365385,-0.296296,-0.923077,,,,,,,,
1:16:47.397969,0.326923,-0.277778,-0.942308,,,,,,,,
1:16:47.401816,0.365385,-0.240741,-0.923077,,,,,,,,
1:16:47.439321,0.365385,-0.296296,-0.923077,,,,,,,,
1:16:47.449874,0.326923,-0.277778,-0.942308,,,,,,,,
1:16:47.471584,0.307692,-0.240741,-0.980769,,,,,,,,
1:16:47.471965,0.346154,-0.296296,-0.923077,,,,,,,,
1:16:47.562130,0.307692,-0.277778,-0.942308,,,,,,,,
1:16:47.562498,0.346154,-0.296296,-0.923077,,,,,,,,
1:16:47.597322,0.307692,-0.277778,-0.942308,,,,,,,,
1:16:47.597598,0.346154,-0.259259,-0.923077,,,,,,,,
1:16:47.621483,0.346154,-0.296296,-0.923077,,,,,,,,
1:16:47.648079,0.307692,-0.277778,-0.942308,,,,,,,,
1:16:47.675410,0.365385,-0.296296,-0.923077,,,,,,,,
1:16:47.712253,0.365385,-0.259259,-0.923077,,,,,,,,
1:16:47.712520,0.365385,-0.296296,-0.942308,,,,,,,,
1:16:47.712714,0.326923,-0.277778,-0.942308,,,,,,,,
1:16:47.731174,0.365385,-0.296296,-0.923077,,,,,,,,
1:16:47.746053,0.326923,-0.277778,-0.942308,,,,,,,,
1:16:47.746460,0.365385,-0.259259,-0.923077,,,,,,,,
1:16:47.762452,0.326923,-0.240741,-0.942308,,,,,,,,
1:16:47.762907,0.365385,-0.259259,-0.923077,,,,,,,,
1:16:47.783044,0.346154,-0.277778,-0.923077,,,,,,,,
1:16:47.785529,0.365385,-0.259259,-0.923077,,,,,,,,
1:16:47.802949,0.326923,-0.277778,-0.942308,,,,,,,,
1:16:47.812449,0.346154,-0.240741,-0.923077,,,,,,,,
1:16:47.829257,0.346154,-0.277778,-0.923077,,,,,,,,
1:16:47.829487,0.365385,-0.259259,-0.923077,,,,,,,,
1:16:47.892996,0.346154,-0.277778,-0.923077,,,,,,,,
1:16:47.928672,0.326923,-0.277778,-0.942308,,,,,,,,
1:16:47.929103,0.346154,-0.296296,-0.923077,,,,,,,,
1:16:47.946183,0.307692,-0.277778,-0.942308,,,,,,,,
1:16:47.946625,0.365385,-0.296296,-0.923077,,,,,,,,
1:16:47.964243,0.326923,-0.277778,-0.942308,,,,,,,,
1:16:47.966821,0.365385,-0.259259,-0.923077,,,,,,,,
1:16:47.984353,0.326923,-0.240741,-0.942308,,,,,,,,
1:16:47.988506,0.365385,-0.277778,-0.923077,,,,,,,,
1:16:48.034236,0.307692,-0.277778,-0.942308,,,,,,,,
1:16:48.154342,0.365385,-0.240741,-0.923077,,,,,,,,
1:16:48.163373,0.326923,-0.240741,-0.942308,,,,,,,,
1:16:48.179062,0.365385,-0.259259,-0.923077,,,,,,,,
1:16:48.179556,0.346154,-0.277778,-0.923077,,,,,,,,
1:16:48.245472,0.307692,-0.277778,-0.942308,,,,,,,,
1:16:48.288815,0.346154,-0.296296,-0.923077,,,,,,,,
1:16:48.289247,0.326923,-0.240741,-0.942308,,,,,,,,
1:16:48.326856,0.365385,-0.259259,-0.923077,,,,,,,,
1:16:48.362846,0.365385,-0.277778,-0.923077,,,,,,,,
1:16:48.363086,0.326923,-0.277778,-0.942308,,,,,,,,
1:16:48.384284,0.365385,-0.296296,-0.923077,,,,,,,,
1:16:48.396282,0.326923,-0.277778,-0.942308,,,,,,,,
1:16:48.415419,0.365385,-0.296296,-0.923077,,,,,,,,
1:16:48.415793,0.346154,-0.259259,-0.942308,,,,,,,,
1:16:48.439188,0.365385,-0.296296,-0.942308,,,,,,,,
1:16:48.446673,0.307692,-0.277778,-0.942308,,,,,,,,
1:16:48.498397,0.346154,-0.296296,-0.923077,,,,,,,,
1:16:48.515473,0.307692,-0.277778,-0.942308,,,,,,,,
1:16:48.564061,0.365385,-0.296296,-0.923077,,,,,,,,
1:16:48.564486,0.346154,-0.259259,-0.923077,,,,,,,,
1:16:48.564725,0.365385,-0.277778,-0.923077,,,,,,,,
1:16:48.585611,0.365385,-0.240741,-0.923077,,,,,,,,
1:16:48.585807,0.346154,-0.277778,-0.923077,,,,,,,,
1:16:48.629646,0.307692,-0.277778,-0.942308,,,,,,,,
1:16:48.630113,0.346154,-0.296296,-0.923077,,,,,,,,
1:16:48.646071,0.326923,-0.277778,-0.942308,,,,,,,,
1:16:48.646393,0.365385,-0.296296,-0.923077,,,,,,,,
1:16:48.646565,0.365385,-0.240741,-0.923077,,,,,,,,
1:16:48.680442,0.365385,-0.277778,-0.923077,,,,,,,,
1:16:48.712900,0.365385,-0.259259,-0.923077,,,,,,,,
1:16:48.740967,0.307692,-0.277778,-0.942308,,,,,,,,
1:16:48.762860,0.346154,-0.296296,-0.923077,,,,,,,,
1:16:48.763234,0.326923,-0.277778,-0.942308,,,,,,,,
1:16:48.763413,0.346154,-0.296296,-0.923077,,,,,,,,
1:16:48.784656,0.326923,-0.277778,-0.942308,,,,,,,,
1:16:48.785006,0.346154,-0.296296,-0.923077,,,,,,,,
1:16:48.813925,0.326923,-0.277778,-0.942308,,,,,,,,
1:16:48.831582,0.365385,-0.259259,-0.923077,,,,,,,,
1:16:48.831933,0.365385,-0.296296,-0.923077,,,,,,,,
1:16:48.855444,0.307692,-0.277778,-0.942308,,,,,,,,
1:16:48.880990,0.365385,-0.296296,-0.923077,,,,,,,,
1:16:48.881626,0.326923,-0.277778,-0.942308,,,,,,,,
1:16:48.885473,0.346154,-0.296296,-0.961538,,,,,,,,
1:16:48.926632,0.365385,-0.296296,-0.923077,,,,,,,,
1:16:48.962947,0.326923,-0.277778,-0.942308,,,,,,,,
1:16:48.986542,0.346154,-0.296296,-0.923077,,,,,,,,
1:16:49.002875,0.326923,-0.277778,-0.942308,,,,,,,,
1:16:49.025172,0.365385,-0.296296,-0.923077,,,,,,,,
1:16:49.046524,0.326923,-0.277778,-0.942308,,,,,,,,
1:16:49.067668,0.365385,-0.296296,-0.923077,,,,,,,,
1:16:49.114967,0.326923,-0.277778,-0.942308,,,,,,,,
1:16:49.115417,0.365385,-0.259259,-0.923077,,,,,,,,
1:16:49.128606,0.365385,-0.296296,-0.923077,,,,,,,,
1:16:49.146346,0.307692,-0.277778,-0.942308,,,,,,,,
1:16:49.363542,0.346154,-0.296296,-0.923077,,,,,,,,
1:16:49.363970,0.307692,-0.277778,-0.942308,,,,,,,,
1:16:49.399069,0.365385,-0.296296,-0.923077,,,,,,,,
1:16:49.399530,0.326923,-0.277778,-0.942308,,,,,,,,
1:16:49.431563,0.365385,-0.240741,-0.923077,,,,,,,,
1:16:49.446699,0.365385,-0.277778,-0.923077,,,,,,,,
1:16:49.483905,0.307692,-0.277778,-0.942308,,,,,,,,
1:16:49.521278,0.365385,-0.296296,-0.923077,,,,,,,,
1:16:49.566901,0.365385,-0.259259,-0.923077,,,,,,,,
1:16:49.595616,0.365385,-0.296296,-0.923077,,,,,,,,
1:16:49.604542,0.326923,-0.277778,-0.942308,,,,,,,,
1:16:49.630552,0.365385,-0.296296,-0.923077,,,,,,,,
1:16:49.631116,0.326923,-0.240741,-0.942308,,,,,,,,
1:16:49.651286,0.365385,-0.259259,-0.923077,,,,,,,,
1:16:49.651705,0.365385,-0.277778,-0.923077,,,,,,,,
1:16:49.662652,0.307692,-0.277778,-0.942308,,,,,,,,
1:16:49.663009,0.365385,-0.296296,-0.923077,,,,,,,,
1:16:49.679654,0.346154,-0.240741,-0.923077,,,,,,,,
1:16:49.682945,0.365385,-0.296296,-0.923077,,,,,,,,
1:16:49.715859,0.326923,-0.240741,-0.942308,,,,,,,,
1:16:49.716282,0.365385,-0.259259,-0.923077,,,,,,,,
1:16:49.733491,0.346154,-0.277778,-0.923077,,,,,,,,
1:16:49.733845,0.307692,-0.277778,-0.942308,,,,,,,,
1:16:49.763261,0.346154,-0.296296,-0.923077,,,,,,,,
1:16:49.763603,0.326923,-0.277778,-0.942308,,,,,,,,
1:16:49.779772,0.346154,-0.296296,-0.923077,,,,,,,,
1:16:49.780163,0.365385,-0.259259,-0.923077,,,,,,,,
1:16:49.851873,0.326923,-0.240741,-0.942308,,,,,,,,
1:16:49.862104,0.365385,-0.277778,-0.923077,,,,,,,,
1:16:49.931823,0.307692,-0.277778,-0.942308,,,,,,,,
1:16:49.947653,0.365385,-0.296296,-0.923077,,,,,,,,
1:16:49.952167,0.326923,-0.277778,-0.942308,,,,,,,,
1:16:49.963690,0.326923,-0.240741,-0.942308,,,,,,,,
1:16:49.978960,0.365385,-0.296296,-0.923077,,,,,,,,
1:16:50.020955,0.307692,-0.277778,-0.942308,,,,,,,,
1:16:50.021341,0.346154,-0.296296,-0.923077,,,,,,,,
1:16:50.100492,0.307692,-0.277778,-0.942308,,,,,,,,
1:16:50.145919,0.326923,-0.259259,-0.942308,,,,,,,,
1:16:50.146257,0.326923,-0.277778,-0.942308,,,,,,,,
1:16:50.215326,0.346154,-0.240741,-0.923077,,,,,,,,
1:16:50.215571,0.365385,-0.277778,-0.923077,,,,,,,,
1:16:50.245918,0.326923,-0.277778,-0.942308,,,,,,,,
1:16:50.281166,0.365385,-0.277778,-0.923077,,,,,,,,
1:16:50.281575,0.326923,-0.277778,-0.942308,,,,,,,,
1:16:50.303318,0.346154,-0.296296,-0.961538,,,,,,,,
1:16:50.313608,0.365385,-0.277778,-0.923077,,,,,,,,
1:16:50.349460,0.326923,-0.277778,-0.942308,,,,,,,,
1:16:50.349796,0.365385,-0.259259,-0.942308,,,,,,,,
1:16:50.400733,0.365385,-0.296296,-0.942308,,,,,,,,
1:16:50.400945,0.307692,-0.277778,-0.942308,,,,,,,,
1:16:50.401258,0.346154,-0.296296,-0.923077,,,,,,,,
1:16:50.401427,0.326923,-0.277778,-0.942308,,,,,,,,
1:16:50.419523,0.365385,-0.296296,-0.923077,,,,,,,,
1:16:50.419870,0.365385,-0.259259,-0.923077,,,,,,,,
1:16:50.466736,0.365385,-0.277778,-0.923077,,,,,,,,
1:16:50.497041,0.326923,-0.277778,-0.942308,,,,,,,,
1:16:50.497409,0.365385,-0.259259,-0.923077,,,,,,,,
1:16:50.512936,0.346154,-0.296296,-0.942308,,,,,,,,
1:16:50.546633,0.326923,-0.277778,-0.942308,,,,,,,,
1:16:50.565371,0.346154,-0.296296,-0.923077,,,,,,,,
1:16:50.583035,0.326923,-0.277778,-0.942308,,,,,,,,
1:16:50.596282,0.346154,-0.296296,-0.961538,,,,,,,,
1:16:50.613783,0.346154,-0.296296,-0.923077,,,,,,,,
1:16:50.629317,0.307692,-0.277778,-0.942308,,,,,,,,
1:16:50.662993,0.365385,-0.296296,-0.923077,,,,,,,,
1:16:50.681702,0.365385,-0.259259,-0.923077,,,,,,,,
1:16:50.696963,0.365385,-0.296296,-0.923077,,,,,,,,
1:16:50.716940,0.326923,-0.277778,-0.942308,,,,,,,,
1:16:50.748293,0.365385,-0.296296,-0.923077,,,,,,,,
1:16:50.763110,0.326923,-0.277778,-0.942308,,,,,,,,
1:16:50.795843,0.346154,-0.259259,-0.923077,,,,,,,,
1:16:50.796288,0.326923,-0.277778,-0.942308,,,,,,,,
1:16:50.796492,0.365385,-0.296296,-0.923077,,,,,,,,
1:16:50.796677,0.346154,-0.240741,-0.923077,,,,,,,,
1:16:50.879327,0.365385,-0.277778,-0.923077,,,,,,,,
1:16:50.879817,0.326923,-0.277778,-0.942308,,,,,,,,
1:16:50.899171,0.365385,-0.296296,-0.923077,,,,,,,,
1:16:50.899587,0.365385,-0.259259,-0.923077,,,,,,,,
1:16:50.912823,0.346154,-0.296296,-0.923077,,,,,,,,
1:16:50.932478,0.326923,-0.277778,-0.942308,,,,,,,,
1:16:50.946614,0.346154,-0.296296,-0.923077,,,,,,,,
1:16:51.014141,0.365385,-0.259259,-0.923077,,,,,,,,
1:16:51.059139,0.365385,-0.296296,-0.923077,,,,,,,,
1:16:51.081444,0.326923,-0.277778,-0.942308,,,,,,,,
1:16:51.104189,0.365385,-0.296296,-0.923077,,,,,,,,
1:16:51.121840,0.365385,-0.296296,-0.903846,,,,,,,,
1:16:51.128624,0.346154,-0.296296,-0.942308,,,,,,,,
1:16:51.145713,0.365385,-0.277778,-0.903846,,,,,,,,
1:16:51.146750,0.365385,-0.314815,-0.884615,,,,,,,,
1:16:51.164838,0.365385,-0.296296,-0.903846,,,,,,,,
1:16:51.181235,0.365385,-0.333333,-0.884615,,,,,,,,
1:16:51.197910,0.365385,-0.296296,-0.884615,,,,,,,,
1:16:51.198075,0.346154,-0.296296,-0.923077,,,,,,,,
1:16:51.214629,0.307692,-0.277778,-0.942308,,,,,,,,
1:16:51.229890,0.307692,-0.240741,-0.942308,,,,,,,,
1:16:51.245455,0.346154,-0.259259,-0.923077,,,,,,,,
1:16:51.264732,0.346154,-0.296296,-0.923077,,,,,,,,
1:16:51.264899,0.326923,-0.277778,-0.942308,,,,,,,,
1:16:51.296833,0.307692,-0.259259,-0.942308,,,,,,,,
1:16:51.344363,0.326923,-0.277778,-0.942308,,,,,,,,
1:16:51.402289,0.307692,-0.277778,-0.980769,,,,,,,,
1:16:51.416460,0.365385,-0.259259,-0.923077,,,,,,,,
1:16:51.446808,0.365385,-0.296296,-0.923077,,,,,,,,
1:16:51.462054,0.326923,-0.277778,-0.942308,,,,,,,,
1:16:51.486883,0.326923,-0.240741,-0.942308,,,,,,,,
1:16:51.524179,0.326923,-0.277778,-0.923077,,,,,,,,
1:16:51.548139,0.307692,-0.240741,-0.961538,,,,,,,,
1:16:51.548465,0.326923,-0.277778,-0.923077,,,,,,,,
1:16:51.562184,0.326923,-0.240741,-0.961538,,,,,,,,
1:16:51.582081,0.326923,-0.259259,-0.942308,,,,,,,,
1:16:51.606679,0.326923,-0.296296,-0.923077,,,,,,,,
1:16:51.615060,0.326923,-0.240741,-0.923077,,,,,,,,
1:16:51.629582,0.307692,-0.277778,-0.961538,,,,,,,,
1:16:51.630390,0.288462,-0.277778,-0.942308,,,,,,,,
1:16:51.665107,0.307692,-0.296296,-0.923077,,,,,,,,
1:16:51.665479,0.307692,-0.259259,-0.923077,,,,,,,,
1:16:51.683921,0.307692,-0.277778,-0.923077,,,,,,,,
1:16:51.701425,0.307692,-0.240741,-0.961538,,,,,,,,
1:16:51.701615,0.326923,-0.259259,-0.942308,,,,,,,,
1:16:51.714796,0.326923,-0.259259,-0.961538,,,,,,,,
1:16:51.732347,0.288462,-0.240741,-0.980769,,,,,,,,
1:16:51.732655,0.326923,-0.259259,-0.923077,,,,,,,,
1:16:51.762775,0.307692,-0.259259,-0.961538,,,,,,,,
1:16:51.763141,0.269231,-0.296296,-0.980769,,,,,,,,
1:16:51.781495,0.269231,-0.259259,-0.980769,,,,,,,,
1:16:51.806710,0.288462,-0.240741,-0.923077,,,,,,,,
1:16:51.812475,0.288462,-0.296296,-0.961538,,,,,,,,
1:16:51.833527,0.288462,-0.296296,-0.923077,,,,,,,,
1:16:51.833727,0.288462,-0.296296,-0.961538,,,,,,,,
1:16:51.866328,0.288462,-0.240741,-0.923077,,,,,,,,
1:16:51.866454,0.250000,-0.277778,-0.942308,,,,,,,,
1:16:51.887658,0.230769,-0.277778,-0.980769,,,,,,,,
1:16:51.914883,0.230769,-0.259259,-0.980769,,,,,,,,
1:16:51.979252,0.288462,-0.259259,-0.961538,,,,,,,,
1:16:52.018384,0.288462,-0.222222,-0.961538,,,,,,,,
1:16:52.034149,0.288462,-0.259259,-0.961538,,,,,,,,
1:16:52.081874,0.269231,-0.259259,-1.000000,,,,,,,,
1:16:52.095768,0.288462,-0.222222,-0.980769,,,,,,,,
1:16:52.129387,0.288462,-0.240741,-0.961538,,,,,,,,
1:16:52.129550,0.288462,-0.222222,-0.961538,,,,,,,,
1:16:52.146134,0.230769,-0.240741,-0.980769,,,,,,,,
1:16:52.185566,0.288462,-0.259259,-0.961538,,,,,,,,
1:16:52.248972,0.250000,-0.259259,-0.980769,,,,,,,,
1:16:52.276678,0.288462,-0.259259,-0.961538,,,,,,,,
1:16:52.299678,0.230769,-0.240741,-0.980769,,,,,,,,
1:16:52.312969,0.269231,-0.222222,-1.000000,,,,,,,,
1:16:52.313323,0.230769,-0.203704,-1.019231,,,,,,,,
1:16:52.377942,0.288462,-0.222222,-0.961538,,,,,,,,
1:16:52.396229,0.250000,-0.203704,-0.980769,,,,,,,,
1:16:52.396530,0.250000,-0.259259,-0.980769,,,,,,,,
1:16:52.417847,0.250000,-0.259259,-0.942308,,,,,,,,
1:16:52.435519,0.250000,-0.259259,-0.961538,,,,,,,,
1:16:52.445444,0.211538,-0.240741,-0.980769,,,,,,,,
1:16:52.466670,0.192308,-0.240741,-1.019231,,,,,,,,
1:16:52.491765,0.211538,-0.240741,-0.980769,,,,,,,,
1:16:52.512793,0.192308,-0.259259,-1.019231,,,,,,,,
1:16:52.513233,0.250000,-0.259259,-0.961538,,,,,,,,
1:16:52.528939,0.211538,-0.259259,-0.980769,,,,,,,,
1:16:52.529334,0.192308,-0.240741,-1.000000,,,,,,,,
1:16:52.545740,0.192308,-0.222222,-1.019231,,,,,,,,
1:16:52.562433,0.192308,-0.240741,-1.019231,,,,,,,,
1:16:52.581247,0.192308,-0.222222,-1.019231,,,,,,,,
1:16:52.609083,0.250000,-0.222222,-0.961538,,,,,,,,
1:16:52.628784,0.211538,-0.240741,-0.980769,,,,,,,,
1:16:52.629220,0.250000,-0.259259,-0.961538,,,,,,,,
1:16:52.645659,0.211538,-0.240741,-0.980769,,,,,,,,
1:16:52.766900,0.211538,-0.203704,-0.961538,,,,,,,,
1:16:52.779354,0.192308,-0.203704,-1.000000,,,,,,,,
1:16:52.857923,0.230769,-0.203704,-1.000000,,,,,,,,
1:16:52.862954,0.192308,-0.166667,-1.019231,,,,,,,,
1:16:52.897821,0.211538,-0.203704,-1.019231,,,,,,,,
1:16:52.898244,0.211538,-0.166667,-0.980769,,,,,,,,
1:16:52.912082,0.192308,-0.203704,-1.019231,,,,,,,,
1:16:52.932249,0.211538,-0.222222,-0.980769,,,,,,,,
1:16:52.932564,0.192308,-0.203704,-1.019231,,,,,,,,
1:16:52.949213,0.250000,-0.222222,-0.961538,,,,,,,,
1:16:52.953100,0.192308,-0.203704,-1.019231,,,,,,,,
1:16:52.995523,0.230769,-0.222222,-1.000000,,,,,,,,
1:16:53.022463,0.211538,-0.203704,-1.019231,,,,,,,,
1:16:53.022825,0.230769,-0.222222,-1.000000,,,,,,,,
1:16:53.038114,0.211538,-0.222222,-1.019231,,,,,,,,
1:16:53.039311,0.192308,-0.166667,-1.019231,,,,,,,,
1:16:53.045652,0.211538,-0.203704,-0.980769,,,,,,,,
1:16:53.079064,0.192308,-0.203704,-1.019231,,,,,,,,
1:16:53.079498,0.211538,-0.222222,-0.980769,,,,,,,,
1:16:53.098266,0.192308,-0.222222,-1.019231,,,,,,,,
1:16:53.133106,0.192308,-0.166667,-1.019231,,,,,,,,
1:16:53.146468,0.211538,-0.203704,-0.980769,,,,,,,,
1:16:53.171993,0.192308,-0.222222,-1.019231,,,,,,,,
1:16:53.203130,0.230769,-0.185185,-1.000000,,,,,,,,
1:16:53.212851,0.230769,-0.222222,-1.000000,,,,,,,,
1:16:53.239313,0.211538,-0.203704,-0.980769,,,,,,,,
1:16:53.246276,0.192308,-0.222222,-1.019231,,,,,,,,
1:16:53.300876,0.211538,-0.185185,-1.019231,,,,,,,,
1:16:53.312210,0.192308,-0.203704,-1.019231,,,,,,,,
1:16:53.331704,0.192308,-0.166667,-1.019231,,,,,,,,
1:16:53.331869,0.250000,-0.222222,-0.961538,,,,,,,,
1:16:53.345744,0.211538,-0.203704,-0.980769,,,,,,,,
1:16:53.346745,0.192308,-0.222222,-1.019231,,,,,,,,
1:16:53.365532,0.211538,-0.222222,-0.980769,,,,,,,,
1:16:53.366915,0.192308,-0.222222,-1.019231,,,,,,,,
1:16:53.407014,0.230769,-0.185185,-1.000000,,,,,,,,
1:16:53.412889,0.192308,-0.166667,-1.019231,,,,,,,,
1:16:53.446061,0.192308,-0.222222,-1.019231,,,,,,,,
1:16:53.446252,0.192308,-0.185185,-1.019231,,,,,,,,
1:16:53.468566,0.230769,-0.185185,-1.000000,,,,,,,,
1:16:53.494338,0.192308,-0.166667,-1.019231,,,,,,,,
1:16:53.515769,0.230769,-0.185185,-1.000000,,,,,,,,
1:16:53.539327,0.250000,-0.185185,-0.961538,,,,,,,,
1:16:53.539640,0.230769,-0.185185,-1.000000,,,,,,,,
1:16:53.556679,0.192308,-0.166667,-1.019231,,,,,,,,
1:16:53.594148,0.230769,-0.185185,-1.000000,,,,,,,,
1:16:53.615670,0.192308,-0.185185,-1.019231,,,,,,,,
1:16:53.629908,0.230769,-0.185185,-1.000000,,,,,,,,
1:16:53.630676,0.192308,-0.203704,-1.019231,,,,,,,,
1:16:53.658701,0.211538,-0.203704,-0.980769,,,,,,,,
1:16:53.679732,0.192308,-0.222222,-1.019231,,,,,,,,
1:16:53.700062,0.192308,-0.185185,-1.019231,,,,,,,,
1:16:53.712046,0.230769,-0.185185,-1.000000,,,,,,,,
1:16:53.741521,0.250000,-0.185185,-0.961538,,,,,,,,
1:16:53.741883,0.192308,-0.203704,-1.019231,,,,,,,,
1:16:53.809320,0.230769,-0.222222,-1.000000,,,,,,,,
1:16:53.828654,0.192308,-0.203704,-1.019231,,,,,,,,
1:16:53.848798,0.250000,-0.222222,-0.961538,,,,,,,,
1:16:53.849120,0.230769,-0.222222,-1.000000,,,,,,,,
1:16:53.862740,0.211538,-0.203704,-0.980769,,,,,,,,
1:16:53.863224,0.230769,-0.222222,-1.000000,,,,,,,,
1:16:53.899212,0.250000,-0.203704,-0.961538,,,,,,,,
1:16:53.913043,0.211538,-0.203704,-0.980769,,,,,,,,
1:16:53.952015,0.250000,-0.222222,-0.961538,,,,,,,,
1:16:53.964680,0.230769,-0.222222,-1.000000,,,,,,,,
1:16:53.979049,0.250000,-0.222222,-0.961538,,,,,,,,
1:16:53.979376,0.230769,-0.203704,-1.000000,,,,,,,,
1:16:54.018350,0.250000,-0.222222,-0.980769,,,,,,,,
1:16:54.079252,0.250000,-0.240741,-0.961538,,,,,,,,
1:16:54.096451,0.250000,-0.222222,-0.961538,,,,,,,,
1:16:54.121754,0.230769,-0.203704,-1.000000,,,,,,,,
1:16:54.129367,0.250000,-0.222222,-0.980769,,,,,,,,
1:16:54.146028,0.230769,-0.222222,-1.019231,,,,,,,,
1:16:54.146427,0.230769,-0.240741,-1.000000,,,,,,,,
1:16:54.181831,0.250000,-0.240741,-0.961538,,,,,,,,
1:16:54.195659,0.250000,-0.203704,-0.961538,,,,,,,,
1:16:54.199204,0.230769,-0.222222,-1.019231,,,,,,,,
1:16:54.224157,0.250000,-0.222222,-0.980769,,,,,,,,
1:16:54.233079,0.288462,-0.259259,-0.961538,,,,,,,,
1:16:54.267033,0.250000,-0.203704,-0.980769,,,,,,,,
1:16:54.281082,0.288462,-0.259259,-0.961538,,,,,,,,
1:16:54.296356,0.230769,-0.203704,-1.019231,,,,,,,,
1:16:54.296752,0.288462,-0.203704,-0.961538,,,,,,,,
1:16:54.315553,0.250000,-0.203704,-0.980769,,,,,,,,
1:16:54.318691,0.250000,-0.259259,-0.980769,,,,,,,,
1:16:54.445692,0.288462,-0.259259,-0.961538,,,,,,,,
1:16:54.462926,0.288462,-0.222222,-0.961538,,,,,,,,
1:16:54.481775,0.288462,-0.259259,-0.961538,,,,,,,,
1:16:54.481940,0.269231,-0.222222,-1.000000,,,,,,,,
1:16:54.500099,0.288462,-0.222222,-0.961538,,,,,,,,
1:16:54.500421,0.288462,-0.259259,-0.980769,,,,,,,,
1:16:54.516745,0.250000,-0.240741,-0.980769,,,,,,,,
1:16:54.544163,0.288462,-0.259259,-0.961538,,,,,,,,
1:16:54.621767,0.288462,-0.259259,-0.942308,,,,,,,,
1:16:54.641613,0.269231,-0.259259,-0.980769,,,,,,,,
1:16:54.686755,0.307692,-0.259259,-0.961538,,,,,,,,
1:16:54.696152,0.269231,-0.240741,-0.980769,,,,,,,,
1:16:54.719271,0.326923,-0.259259,-0.961538,,,,,,,,
1:16:54.739385,0.326923,-0.240741,-0.923077,,,,,,,,
1:16:54.804291,0.307692,-0.296296,-0.980769,,,,,,,,
1:16:54.822000,0.326923,-0.240741,-0.923077,,,,,,,,
1:16:54.832235,0.307692,-0.240741,-0.961538,,,,,,,,
1:16:54.846434,0.326923,-0.240741,-0.923077,,,,,,,,
1:16:54.847027,0.307692,-0.259259,-0.961538,,,,,,,,
1:16:54.880004,0.326923,-0.259259,-0.923077,,,,,,,,
1:16:54.880423,0.326923,-0.259259,-0.980769,,,,,,,,
1:16:54.898718,0.326923,-0.259259,-0.942308,,,,,,,,
1:16:54.915429,0.307692,-0.259259,-0.961538,,,,,,,,
1:16:55.020466,0.326923,-0.259259,-0.942308,,,,,,,,
1:16:55.260553,0.326923,-0.259259,-1.019231,,,,,,,,
1:16:55.281640,0.326923,-0.259259,-0.942308,,,,,,,,
1:16:55.326769,0.365385,-0.259259,-0.923077,,,,,,,,
1:16:55.350468,0.326923,-0.240741,-0.942308,,,,,,,,
1:16:55.421850,0.346154,-0.277778,-0.961538,,,,,,,,
1:16:55.431466,0.365385,-0.277778,-0.923077,,,,,,,,
1:16:55.445518,0.307692,-0.277778,-0.942308,,,,,,,,
1:16:55.479649,0.307692,-0.259259,-0.942308,,,,,,,,
1:16:55.479988,0.365385,-0.259259,-0.942308,,,,,,,,
1:16:55.498222,0.346154,-0.259259,-0.961538,,,,,,,,
1:16:55.498464,0.326923,-0.240741,-0.942308,,,,,,,,
1:16:55.525517,0.326923,-0.296296,-0.942308,,,,,,,,
1:16:55.546272,0.365385,-0.259259,-0.923077,,,,,,,,
1:16:55.565620,0.346154,-0.259259,-0.961538,,,,,,,,
1:16:55.565934,0.326923,-0.259259,-0.942308,,,,,,,,
1:16:55.586865,0.346154,-0.259259,-0.923077,,,,,,,,
1:16:55.596310,0.365385,-0.277778,-0.923077,,,,,,,,
1:16:55.615284,0.346154,-0.240741,-0.942308,,,,,,,,
1:16:55.675420,0.346154,-0.296296,-0.923077,,,,,,,,
1:16:55.699426,0.307692,-0.277778,-0.942308,,,,,,,,
1:16:55.712213,0.307692,-0.240741,-0.942308,,,,,,,,
1:16:55.714899,0.307692,-0.277778,-0.942308,,,,,,,,
1:16:55.731860,0.326923,-0.240741,-0.942308,,,,,,,,
1:16:55.830997,0.346154,-0.259259,-0.923077,,,,,,,,
1:16:55.831308,0.365385,-0.277778,-0.923077,,,,,,,,
1:16:55.864298,0.346154,-0.259259,-0.942308,,,,,,,,
1:16:55.878997,0.326923,-0.240741,-0.942308,,,,,,,,
1:16:55.902381,0.326923,-0.277778,-0.942308,,,,,,,,
1:16:55.969214,0.365385,-0.259259,-0.923077,,,,,,,,
1:16:55.969523,0.365385,-0.296296,-0.923077,,,,,,,,
1:16:55.979162,0.326923,-0.277778,-0.942308,,,,,,,,
1:16:56.025587,0.365385,-0.296296,-0.923077,,,,,,,,
1:16:56.048923,0.365385,-0.259259,-0.923077,,,,,,,,
1:16:56.049045,0.326923,-0.277778,-0.942308,,,,,,,,
1:16:56.069149,0.365385,-0.259259,-0.923077,,,,,,,,
1:16:56.094186,0.307692,-0.240741,-0.980769,,,,,,,,
1:16:56.112303,0.326923,-0.240741,-0.942308,,,,,,,,
1:16:56.144189,0.365385,-0.240741,-0.923077,,,,,,,,
1:16:56.164519,0.365385,-0.277778,-0.923077,,,,,,,,
1:16:56.179054,0.365385,-0.259259,-0.923077,,,,,,,,
1:16:56.247944,0.346154,-0.296296,-0.923077,,,,,,,,
1:16:56.262276,0.326923,-0.277778,-0.942308,,,,,,,,
1:16:56.283054,0.326923,-0.240741,-0.942308,,,,,,,,
1:16:56.298007,0.326923,-0.277778,-0.942308,,,,,,,,
1:16:56.298144,0.365385,-0.259259,-0.923077,,,,,,,,
1:16:56.355458,0.365385,-0.277778,-0.923077,,,,,,,,
1:16:56.373096,0.307692,-0.277778,-0.942308,,,,,,,,
1:16:56.378999,0.365385,-0.296296,-0.923077,,,,,,,,
1:16:56.396159,0.326923,-0.277778,-0.942308,,,,,,,,
1:16:56.399184,0.365385,-0.259259,-0.923077,,,,,,,,
1:16:56.466759,0.365385,-0.277778,-0.923077,,,,,,,,
1:16:56.606805,0.326923,-0.277778,-0.942308,,,,,,,,
1:16:56.612890,0.365385,-0.296296,-0.923077,,,,,,,,
1:16:56.613275,0.346154,-0.259259,-0.961538,,,,,,,,
1:16:56.653042,0.365385,-0.240741,-0.923077,,,,,,,,
1:16:56.696800,0.346154,-0.296296,-0.923077,,,,,,,,
1:16:56.720516,0.346154,-0.259259,-0.942308,,,,,,,,
1:16:56.728652,0.365385,-0.296296,-0.923077,,,,,,,,
1:16:56.824256,0.365385,-0.259259,-0.923077,,,,,,,,
1:16:56.884298,0.346154,-0.296296,-0.923077,,,,,,,,
1:16:56.954138,0.307692,-0.277778,-0.942308,,,,,,,,
1:16:56.971798,0.346154,-0.296296,-0.923077,,,,,,,,
1:16:57.009281,0.365385,-0.259259,-0.923077,,,,,,,,
1:16:57.031867,0.365385,-0.277778,-0.923077,,,,,,,,
1:16:57.071671,0.307692,-0.277778,-0.942308,,,,,,,,
1:16:57.079810,0.365385,-0.296296,-0.923077,,,,,,,,
1:16:57.111936,0.307692,-0.277778,-0.942308,,,,,,,,
1:16:57.129187,0.346154,-0.259259,-0.923077,,,,,,,,
1:16:57.151034,0.365385,-0.277778,-0.923077,,,,,,,,
1:16:57.200586,0.307692,-0.277778,-0.942308,,,,,,,,
1:16:57.218112,0.365385,-0.277778,-0.923077,,,,,,,,
1:16:57.281829,0.346154,-0.240741,-0.923077,,,,,,,,
1:16:57.299168,0.365385,-0.296296,-0.942308,,,,,,,,
1:16:57.354301,0.326923,-0.277778,-0.942308,,,,,,,,
1:16:57.391798,0.365385,-0.296296,-0.923077,,,,,,,,
1:16:57.415782,0.346154,-0.259259,-0.923077,,,,,,,,
1:16:57.449097,0.346154,-0.259259,-0.961538,,,,,,,,
1:16:57.449261,0.365385,-0.240741,-0.923077,,,,,,,,
1:16:57.468824,0.307692,-0.240741,-0.942308,,,,,,,,
1:16:57.485584,0.346154,-0.259259,-0.923077,,,,,,,,
1:16:57.496162,0.326923,-0.240741,-0.942308,,,,,,,,
1:16:57.535497,0.346154,-0.296296,-0.923077,,,,,,,,
1:16:57.552989,0.346154,-0.259259,-0.923077,,,,,,,,
1:16:57.565343,0.346154,-0.296296,-0.923077,,,,,,,,
1:16:57.595606,0.346154,-0.259259,-0.961538,,,,,,,,
1:16:57.612274,0.365385,-0.296296,-0.942308,,,,,,,,
1:16:57.649356,0.307692,-0.277778,-0.942308,,,,,,,,
1:16:57.649711,0.346154,-0.296296,-0.923077,,,,,,,,
1:16:57.666773,0.307692,-0.277778,-0.942308,,,,,,,,
1:16:57.681921,0.307692,-0.240741,-0.980769,,,,,,,,
1:16:57.696702,0.326923,-0.240741,-0.942308,,,,,,,,
1:16:57.696992,0.365385,-0.259259,-0.923077,,,,,,,,
1:16:57.718037,0.346154,-0.296296,-0.923077,,,,,,,,
1:16:57.729803,0.307692,-0.277778,-0.942308,,,,,,,,
1:16:57.779211,0.346154,-0.296296,-0.923077,,,,,,,,
1:16:57.816872,0.365385,-0.240741,-0.923077,,,,,,,,
1:16:57.834266,0.326923,-0.240741,-0.942308,,,,,,,,
1:16:57.890391,0.346154,-0.259259,-0.961538,,,,,,,,
1:16:57.890755,0.307692,-0.240741,-0.980769,,,,,,,,
1:16:57.896741,0.365385,-0.259259,-0.923077,,,,,,,,
1:16:57.933730,0.346154,-0.240741,-0.961538,,,,,,,,
1:16:57.934092,0.365385,-0.259259,-0.923077,,,,,,,,
1:16:57.946242,0.307692,-0.240741,-0.942308,,,,,,,,
1:16:57.963121,0.307692,-0.277778,-0.942308,,,,,,,,
1:16:57.979729,0.346154,-0.296296,-0.923077,,,,,,,,
1:16:58.008788,0.326923,-0.240741,-0.942308,,,,,,,,
1:16:58.009165,0.346154,-0.259259,-0.923077,,,,,,,,
1:16:58.051725,0.365385,-0.277778,-0.923077,,,,,,,,
1:16:58.069970,0.326923,-0.296296,-0.942308,,,,,,,,
1:16:58.086761,0.326923,-0.259259,-0.942308,,,,,,,,
1:16:58.104199,0.307692,-0.240741,-0.980769,,,,,,,,
1:16:58.112613,0.365385,-0.259259,-0.942308,,,,,,,,
1:16:58.143190,0.346154,-0.277778,-0.942308,,,,,,,,
1:16:58.165737,0.346154,-0.259259,-0.923077,,,,,,,,
1:16:58.178979,0.346154,-0.259259,-0.980769,,,,,,,,
1:16:58.198370,0.365385,-0.240741,-0.923077,,,,,,,,
1:16:58.215862,0.326923,-0.240741,-0.942308,,,,,,,,
1:16:58.250617,0.307692,-0.240741,-0.980769,,,,,,,,
1:16:58.268098,0.365385,-0.259259,-0.961538,,,,,,,,
1:16:58.282296,0.365385,-0.259259,-0.923077,,,,,,,,
1:16:58.295845,0.326923,-0.259259,-0.942308,,,,,,,,
1:16:58.315967,0.326923,-0.277778,-0.942308,,,,,,,,
1:16:58.329057,0.365385,-0.277778,-0.923077,,,,,,,,
1:16:58.376906,0.346154,-0.259259,-0.923077,,,,,,,,
1:16:58.398558,0.326923,-0.240741,-0.942308,,,,,,,,
1:16:58.413431,0.326923,-0.277778,-0.942308,,,,,,,,
1:16:58.432167,0.326923,-0.240741,-0.942308,,,,,,,,
1:16:58.432331,0.307692,-0.240741,-0.980769,,,,,,,,
1:16:58.446347,0.326923,-0.259259,-0.942308,,,,,,,,
1:16:58.446747,0.365385,-0.259259,-0.923077,,,,,,,,
1:16:58.497994,0.346154,-0.296296,-0.923077,,,,,,,,
1:16:58.512688,0.365385,-0.259259,-0.923077,,,,,,,,
1:16:58.532412,0.346154,-0.296296,-0.923077,,,,,,,,
1:16:58.532750,0.326923,-0.277778,-0.942308,,,,,,,,
1:16:58.549436,0.326923,-0.240741,-0.942308,,,,,,,,
1:16:58.552438,0.307692,-0.240741,-0.980769,,,,,,,,
1:16:58.571454,0.346154,-0.259259,-0.961538,,,,,,,,
1:16:58.571849,0.346154,-0.259259,-0.923077,,,,,,,,
1:16:58.589337,0.326923,-0.240741,-0.942308,,,,,,,,
1:16:58.616853,0.326923,-0.277778,-0.942308,,,,,,,,
1:16:58.634373,0.365385,-0.240741,-0.923077,,,,,,,,
1:16:58.647851,0.307692,-0.277778,-0.980769,,,,,,,,
1:16:58.666292,0.365385,-0.296296,-0.942308,,,,,,,,
1:16:58.666653,0.326923,-0.240741,-0.942308,,,,,,,,
1:16:58.693722,0.326923,-0.277778,-0.942308,,,,,,,,
1:16:58.715789,0.346154,-0.259259,-0.961538,,,,,,,,
1:16:58.716126,0.365385,-0.259259,-0.923077,,,,,,,,
1:16:58.729918,0.346154,-0.277778,-0.923077,,,,,,,,
1:16:58.759389,0.326923,-0.277778,-0.942308,,,,,,,,
1:16:58.784295,0.307692,-0.240741,-0.942308,,,,,,,,
1:16:58.812106,0.365385,-0.259259,-0.923077,,,,,,,,
1:16:58.832744,0.365385,-0.296296,-0.923077,,,,,,,,
1:16:58.853028,0.307692,-0.277778,-0.942308,,,,,,,,
1:16:58.901816,0.326923,-0.240741,-0.942308,,,,,,,,
1:16:58.915559,0.326923,-0.277778,-0.942308,,,,,,,,
1:16:58.929889,0.326923,-0.240741,-0.942308,,,,,,,,
1:16:58.930113,0.307692,-0.240741,-0.980769,,,,,,,,
1:16:58.946657,0.326923,-0.240741,-0.942308,,,,,,,,
1:16:58.947056,0.365385,-0.259259,-0.923077,,,,,,,,
1:16:58.966066,0.326923,-0.296296,-0.942308,,,,,,,,
1:16:59.001765,0.365385,-0.296296,-0.923077,,,,,,,,
1:16:59.020181,0.326923,-0.277778,-0.942308,,,,,,,,
1:16:59.033147,0.346154,-0.296296,-0.923077,,,,,,,,
1:16:59.033514,0.326923,-0.296296,-0.942308,,,,,,,,
1:16:59.095530,0.307692,-0.277778,-0.961538,,,,,,,,
1:16:59.112423,0.326923,-0.259259,-0.942308,,,,,,,,
1:16:59.216940,0.307692,-0.240741,-0.961538,,,,,,,,
1:16:59.234347,0.288462,-0.259259,-0.942308,,,,,,,,
1:16:59.248204,0.269231,-0.240741,-0.980769,,,,,,,,
1:16:59.299234,0.288462,-0.203704,-0.980769,,,,,,,,
1:16:59.312373,0.326923,-0.240741,-0.923077,,,,,,,,
1:16:59.312802,0.288462,-0.240741,-0.942308,,,,,,,,
1:16:59.348974,0.288462,-0.240741,-0.980769,,,,,,,,
1:16:59.349168,0.288462,-0.240741,-1.019231,,,,,,,,
1:16:59.362838,0.288462,-0.203704,-1.019231,,,,,,,,
1:16:59.363113,0.307692,-0.203704,-1.000000,,,,,,,,
1:16:59.381795,0.326923,-0.203704,-0.961538,,,,,,,,
1:16:59.383145,0.307692,-0.222222,-0.942308,,,,,,,,
1:16:59.413144,0.326923,-0.203704,-0.980769,,,,,,,,
1:16:59.413551,0.307692,-0.203704,-1.000000,,,,,,,,
1:16:59.431860,0.326923,-0.203704,-0.961538,,,,,,,,
1:16:59.448982,0.326923,-0.222222,-0.923077,,,,,,,,
1:16:59.462924,0.307692,-0.203704,-0.961538,,,,,,,,
1:16:59.481116,0.288462,-0.203704,-0.980769,,,,,,,,
1:16:59.484682,0.326923,-0.222222,-0.961538,,,,,,,,
1:16:59.501871,0.288462,-0.203704,-0.980769,,,,,,,,
1:16:59.516582,0.307692,-0.222222,-0.961538,,,,,,,,
1:16:59.529016,0.326923,-0.203704,-0.923077,,,,,,,,
1:16:59.529339,0.326923,-0.222222,-0.961538,,,,,,,,
1:16:59.550482,0.288462,-0.203704,-0.980769,,,,,,,,
1:16:59.578065,0.269231,-0.203704,-1.019231,,,,,,,,
1:16:59.595989,0.288462,-0.203704,-0.980769,,,,,,,,
1:16:59.615166,0.307692,-0.222222,-0.961538,,,,,,,,
1:16:59.629453,0.326923,-0.166667,-0.961538,,,,,,,,
1:16:59.629818,0.326923,-0.203704,-0.961538,,,,,,,,
1:16:59.646233,0.307692,-0.222222,-1.000000,,,,,,,,
1:16:59.646616,0.326923,-0.203704,-0.961538,,,,,,,,
1:16:59.702990,0.326923,-0.203704,-0.923077,,,,,,,,
1:16:59.712403,0.326923,-0.203704,-0.961538,,,,,,,,
1:16:59.751762,0.288462,-0.203704,-0.980769,,,,,,,,
1:16:59.763185,0.326923,-0.203704,-0.961538,,,,,,,,
1:16:59.840568,0.326923,-0.203704,-0.923077,,,,,,,,
1:16:59.854312,0.288462,-0.203704,-0.980769,,,,,,,,
1:16:59.855367,0.307692,-0.166667,-0.961538,,,,,,,,
1:16:59.872962,0.326923,-0.203704,-0.961538,,,,,,,,
1:16:59.922955,0.307692,-0.166667,-0.961538,,,,,,,,
1:16:59.948086,0.365385,-0.185185,-0.961538,,,,,,,,
1:16:59.965652,0.326923,-0.185185,-0.980769,,,,,,,,
1:17:0.032908,0.326923,-0.222222,-0.961538,,,,,,,,
1:17:0.120496,0.326923,-0.222222,-0.942308,,,,,,,,
1:17:0.129533,0.307692,-0.222222,-0.980769,,,,,,,,
1:17:0.184332,0.307692,-0.222222,-1.019231,,,,,,,,
1:17:0.196361,0.326923,-0.222222,-0.980769,,,,,,,,
1:17:0.225402,0.326923,-0.222222,-0.942308,,,,,,,,
1:17:0.248253,0.307692,-0.203704,-0.961538,,,,,,,,
1:17:0.315381,0.346154,-0.222222,-0.961538,,,,,,,,
1:17:0.331732,0.326923,-0.203704,-0.980769,,,,,,,,
1:17:0.348946,0.365385,-0.222222,-0.961538,,,,,,,,
1:17:0.349228,0.365385,-0.203704,-0.923077,,,,,,,,
1:17:0.396731,0.346154,-0.222222,-0.961538,,,,,,,,
1:17:0.415727,0.326923,-0.240741,-0.942308,,,,,,,,
1:17:0.433380,0.346154,-0.222222,-0.961538,,,,,,,,
1:17:0.448712,0.365385,-0.222222,-0.923077,,,,,,,,
1:17:0.449025,0.365385,-0.259259,-0.923077,,,,,,,,
1:17:0.463664,0.346154,-0.222222,-0.961538,,,,,,,,
1:17:0.479507,0.365385,-0.222222,-0.942308,,,,,,,,
1:17:0.483840,0.365385,-0.240741,-0.923077,,,,,,,,
1:17:0.608034,0.384615,-0.259259,-0.923077,,,,,,,,
1:17:0.635428,0.346154,-0.240741,-0.942308,,,,,,,,
1:17:0.732995,0.384615,-0.259259,-0.923077,,,,,,,,
1:17:0.792851,0.384615,-0.277778,-0.923077,,,,,,,,
1:17:0.793055,0.384615,-0.240741,-0.923077,,,,,,,,
1:17:0.830813,0.384615,-0.296296,-0.942308,,,,,,,,
1:17:0.846068,0.384615,-0.240741,-0.942308,,,,,,,,
1:17:0.865006,0.403846,-0.277778,-0.884615,,,,,,,,
1:17:0.879643,0.384615,-0.296296,-0.942308,,,,,,,,
1:17:0.900085,0.403846,-0.240741,-0.903846,,,,,,,,
1:17:0.900426,0.384615,-0.259259,-0.942308,,,,,,,,
1:17:0.942447,0.403846,-0.240741,-0.903846,,,,,,,,
1:17:0.966930,0.403846,-0.296296,-0.903846,,,,,,,,
1:17:0.991871,0.403846,-0.259259,-0.903846,,,,,,,,
1:17:1.019166,0.403846,-0.296296,-0.903846,,,,,,,,
1:17:1.033115,0.384615,-0.296296,-0.942308,,,,,,,,
1:17:1.033482,0.442308,-0.259259,-0.884615,,,,,,,,
1:17:1.086835,0.442308,-0.296296,-0.884615,,,,,,,,
1:17:1.104396,0.403846,-0.277778,-0.903846,,,,,,,,
1:17:1.112769,0.384615,-0.296296,-0.942308,,,,,,,,
1:17:1.132656,0.403846,-0.277778,-0.903846,,,,,,,,
1:17:1.133024,0.384615,-0.277778,-0.942308,,,,,,,,
1:17:1.154396,0.423077,-0.296296,-0.923077,,,,,,,,
1:17:1.165705,0.442308,-0.296296,-0.884615,,,,,,,,
1:17:1.184440,0.403846,-0.277778,-0.903846,,,,,,,,
1:17:1.261883,0.384615,-0.277778,-0.942308,,,,,,,,
1:17:1.281387,0.403846,-0.277778,-0.903846,,,,,,,,
1:17:1.298635,0.384615,-0.277778,-0.942308,,,,,,,,
1:17:1.298954,0.423077,-0.259259,-0.923077,,,,,,,,
1:17:1.335595,0.442308,-0.259259,-0.884615,,,,,,,,
1:17:1.348558,0.403846,-0.277778,-0.903846,,,,,,,,
1:17:1.545499,0.384615,-0.296296,-0.942308,,,,,,,,
1:17:1.566849,0.403846,-0.296296,-0.903846,,,,,,,,
1:17:1.620604,0.384615,-0.296296,-0.942308,,,,,,,,
1:17:1.647101,0.442308,-0.296296,-0.884615,,,,,,,,
1:17:1.662969,0.403846,-0.296296,-0.903846,,,,,,,,
1:17:1.683893,0.384615,-0.296296,-0.942308,,,,,,,,
1:17:1.684259,0.442308,-0.296296,-0.884615,,,,,,,,
1:17:1.730573,0.423077,-0.296296,-0.923077,,,,,,,,
1:17:1.730934,0.384615,-0.277778,-0.942308,,,,,,,,
1:17:1.746197,0.403846,-0.296296,-0.903846,,,,,,,,
1:17:1.764780,0.384615,-0.296296,-0.942308,,,,,,,,
1:17:1.818820,0.384615,-0.259259,-0.942308,,,,,,,,
1:17:1.829198,0.403846,-0.277778,-0.903846,,,,,,,,
1:17:1.848125,0.442308,-0.296296,-0.884615,,,,,,,,
1:17:1.848431,0.403846,-0.296296,-0.903846,,,,,,,,
1:17:1.864050,0.384615,-0.296296,-0.942308,,,,,,,,
1:17:1.864360,0.384615,-0.240741,-0.942308,,,,,,,,
1:17:1.882104,0.384615,-0.277778,-0.942308,,,,,,,,
1:17:1.898995,0.442308,-0.296296,-0.884615,,,,,,,,
1:17:1.913290,0.403846,-0.296296,-0.903846,,,,,,,,
1:17:1.913702,0.384615,-0.277778,-0.942308,,,,,,,,
1:17:1.940601,0.403846,-0.296296,-0.903846,,,,,,,,
1:17:1.946791,0.442308,-0.259259,-0.884615,,,,,,,,
1:17:1.982107,0.423077,-0.259259,-0.923077,,,,,,,,
1:17:1.982425,0.403846,-0.277778,-0.903846,,,,,,,,
1:17:1.982624,0.442308,-0.296296,-0.884615,,,,,,,,
1:17:1.996596,0.403846,-0.296296,-0.903846,,,,,,,,
1:17:2.013514,0.384615,-0.296296,-0.942308,,,,,,,,
1:17:2.013932,0.384615,-0.259259,-0.942308,,,,,,,,
1:17:2.039592,0.403846,-0.240741,-0.903846,,,,,,,,
1:17:2.039868,0.442308,-0.296296,-0.884615,,,,,,,,
